504600010
061000005
703815060
410000000
930001008
000000031
340029186
100700543
000103007

504600010
061000005
703815064
410000000
930001008
070000031
347529186
100700543
000143007

504600010
061000005
703815064
410000000
930001008
070000031
347529186
100700543
050143007

504600010
061000005
703815064
410000000
930001008
070000031
347529186
100700543
050143007

504600010
061000005
703815064
410000000
930001008
070000031
347529186
100700543
050143007

504600010
061000005
703815064
410000000
930001008
070000031
347529186
100700543
050143007

504600010
061000005
703815064
410000000
930001008
070000031
347529186
100700543
050143007

504600010
061000005
703815064
410000000
930001008
070000031
347529186
100700543
050143007

504600010
061000005
703815064
410000000
930001008
070000031
347529186
100700543
050143007

504600010
061000005
703815064
410000000
930001008
070000031
347529186
100700543
050143007

504600010
061000005
703815064
410000000
930001008
070000031
347529186
100700543
050143007

504600010
061000005
703815064
410000000
930001008
070000031
347529186
100700543
050143007

504600010
061000005
703815064
410000000
930001008
070000031
347529186
100700543
050143007

504600010
061000005
703815064
410000000
930001008
070000031
347529186
100700543
050143007

504600010
061000005
703815064
410000000
930001008
070000031
347529186
100700543
050143007

504600010
061000005
703815064
410000000
930001008
070000031
347529186
100700543
050143007

504600010
061000005
703815064
410000000
930001008
070000031
347529186
100700543
050143007

504600010
061000005
703815064
410000000
930001008
070000031
347529186
100700543
050143007

504600010
061000005
703815064
410000000
930001008
070000031
347529186
100700543
050143007

504600010
061000005
703815064
410000000
930001008
070000031
347529186
100700543
050143007

504600010
061000005
703815064
410000000
930001008
070000031
347529186
100700543
050143007

504600010
061000005
703815064
410000000
930001008
070000031
347529186
100700543
050143007

504600010
061000005
703815064
410000000
930001008
070000031
347529186
100700543
050143007

504600010
061000005
703815064
410000000
930001008
070000031
347529186
100700543
050143007

504600010
061000005
703815064
410000000
930001008
070000031
347529186
100700543
050143007

504600010
061000005
703815064
410000000
930001008
070000031
347529186
100700543
050143007

504600010
061000005
703815064
410000000
930001008
070000031
347529186
100700543
050143007

504600010
061000005
703815064
410000000
930001008
070000031
347529186
100700543
050143007

504600010
061000005
703815064
410000000
930001008
070000031
347529186
100700543
050143007

504600010
061000005
703815064
410000000
930001008
070000031
347529186
100700543
050143007

504600010
061000005
703815064
410000000
930001008
070000031
347529186
100700543
050143007

504600010
061000005
703815064
410000000
930001008
070000031
347529186
100700543
050143007

504600010
061000005
703815064
410000000
930001008
070000031
347529186
100700543
050143007

504600010
061000005
703815064
410000000
930001008
070000031
347529186
100700543
050143007

504600010
061000005
703815064
410000000
930001008
070000031
347529186
100700543
050143007

504600010
061000005
703815064
410000000
930001008
070000031
347529186
100700543
050143007

504600010
061000005
703815064
410000000
930001008
070000031
347529186
100700543
050143007

504600010
061000005
703815064
410000000
930001008
070000031
347529186
100700543
050143007

504600010
061000005
703815064
410000000
930001008
070000031
347529186
100700543
050143007

504600010
061000005
703815064
410000000
930001008
070000031
347529186
100700543
050143007

504600010
061000005
703815064
410000000
930001008
070000031
347529186
100700543
050143007

504600010
061000005
703815064
410000000
930001008
070000031
347529186
100700543
050143007

504600010
061000005
703815064
410000000
930001008
070000031
347529186
100700543
050143007

504600010
061000005
703815064
410000000
930001008
070000031
347529186
100700543
050143007

504600010
061000005
703815064
410000000
930001008
070000031
347529186
100700543
050143007

504600010
061000005
703815064
410000000
930001008
070000031
347529186
100700543
050143007

504600010
061000005
703815064
410000000
930001008
070000031
347529186
100700543
050143007

504600010
061000005
703815064
410000000
930001008
070000031
347529186
100700543
050143007

504600010
061000005
703815064
410000000
930001008
070000031
347529186
100700543
050143007

504600010
061000005
703815064
410000000
930001008
070000031
347529186
100700543
050143007

906003020
000009306
823160090
738652149
695431872
010900635
000506710
167390200
080010960

906003021
001009306
823165090
738652149
695431872
010900635
049506710
167390250
580010960

906003521
451009386
823165497
738652149
695431872
014900635
349506710
167390250
582010963

976843521
451209386
823165497
738652149
695431872
214900635
349526718
167390254
582714963

976843521
451279386
823165497
738652149
695431872
214987635
349526718
167398254
582714963

